   2.0000000e+00   9.7096487e-02   4.6976813e-01  -1.3163129e+00   1.0508154e+00  -3.7281170e-02   3.3901096e-01
   1.0000000e+00   8.4921075e-01   1.3208881e-01   7.1226319e-01  -1.1291447e+00  -1.2107851e+00  -6.2069386e-01
   1.0000000e+00   2.1151030e+00  -1.9745909e-01   4.3739819e-01   5.5421170e-01  -1.0242454e+00  -7.4037428e-01
   2.0000000e+00  -9.8083446e-01   4.9989807e-02   5.5425532e-01  -1.5572855e+00   9.8444949e-01  -2.0532804e+00
   2.0000000e+00  -1.3257788e+00   1.2263343e+00  -8.3201557e-01   2.2007045e-01   1.6783320e+00   1.4058958e+00
   1.0000000e+00  -2.8709961e-01  -3.2647513e-01   3.0486360e-01  -1.8681218e+00  -1.5092550e-01   8.6167078e-01
   1.0000000e+00   1.0071120e+00  -4.8523194e-01   7.2485158e-01   1.2467480e-01   7.7304718e-03   4.0926862e-01
   2.0000000e+00   2.6066026e-01  -8.6609300e-01   1.3643185e+00  -5.2757194e-01   1.1968356e+00  -7.9951631e-01
   2.0000000e+00   4.3959938e-01  -9.9568298e-02  -1.5344737e+00  -6.1013758e-01   2.3498656e-01   9.0681304e-01
   2.0000000e+00   3.8168993e-01  -2.8552170e+00  -5.9376771e-01  -2.3589751e-01   1.3313472e+00   1.0682850e+00
   2.0000000e+00   1.3055989e+00  -7.5911235e-01  -1.0603103e+00  -6.9807047e-01   8.1236044e-01   1.5657987e+00
   2.0000000e+00   1.2810807e+00  -4.1419988e-01  -1.1350792e-01  -1.3462837e+00   9.5993356e-01   1.0057558e+00
   2.0000000e+00   5.7290090e-03  -1.6624175e+00  -2.2041518e+00  -6.3053975e-02  -8.5517770e-01  -2.8119119e-01
   2.0000000e+00  -8.4650213e-02  -9.7343051e-03   1.1425872e+00   2.1473328e-01   1.6974746e+00  -2.2196082e-01
   2.0000000e+00   7.4714336e-01  -1.5461256e+00  -2.2580393e+00  -1.0426486e+00  -2.2696220e-01   1.0344216e+00
   1.0000000e+00   3.5919430e-01  -1.3997569e-01   2.2908939e-01  -1.3903087e+00  -1.8003516e+00  -3.2767119e-01
   2.0000000e+00  -2.0419454e+00   6.9774084e-01  -1.4478032e+00  -1.0215417e+00  -4.6344377e-01   1.0779269e+00
   2.0000000e+00   1.3703281e+00   1.5925216e-02  -6.1614427e-02  -1.6668632e+00  -1.2658727e+00   6.6124510e-01
   1.0000000e+00   3.6761186e-01   6.6825891e-01   1.1282225e-01   3.9596942e-01  -3.7278911e-01   9.5083531e-01
   1.0000000e+00   1.7964172e+00  -3.8030560e-01   4.9238102e-01   4.7802343e-02  -8.6953575e-01  -7.5731913e-01
   2.0000000e+00  -6.1365178e-02  -8.2104208e-01  -1.3187100e+00   6.9771998e-01   9.1130927e-02   1.4383226e-01
   1.0000000e+00  -4.8926988e-01  -4.5342380e-01   2.1818958e-01   3.5071581e-01  -1.3666933e+00  -2.6565578e-02
   2.0000000e+00  -1.1181035e+00  -3.4915600e-01  -6.3996879e-01  -8.4045815e-01  -1.3297830e-01   4.2432164e-01
   2.0000000e+00   1.4996555e+00  -6.2844874e-01   1.2575351e+00   5.8493863e-01   2.1040121e-01   5.8583511e-01
   2.0000000e+00   1.4041288e-01   1.5770592e+00  -7.6399907e-01  -8.8605428e-01   1.3270778e+00   4.6662633e-01
   2.0000000e+00  -1.9018034e+00   5.7603610e-01  -1.3280732e+00   2.1733805e+00   5.1947916e-01  -1.2228573e-01
   1.0000000e+00  -1.2016875e+00  -7.8064196e-01   4.4881127e-02  -1.3180257e+00  -1.2372783e+00  -3.3847466e-01
   2.0000000e+00   6.2759959e-01  -8.5996869e-01  -3.1323598e-01   3.8775244e-01  -1.6901101e+00   1.2100749e-01
   2.0000000e+00  -6.6782685e-01  -2.1047298e-01   1.4193026e+00  -1.1068874e+00  -5.0785429e-01  -1.1363035e-01
   1.0000000e+00   1.3366502e+00   4.9823419e-01   7.9691257e-01  -3.0938370e+00   1.2377949e+00   2.2101157e-01
   2.0000000e+00  -1.2032789e+00  -3.2768613e-01  -4.2883567e-01   2.7980954e-01   1.8362433e+00  -3.2149141e-01
   2.0000000e+00  -1.1914882e+00   4.2900627e-01  -1.0500420e+00  -1.6610997e+00  -1.3228094e-03   1.4260989e-01
   2.0000000e+00   2.5451990e+00  -3.5923146e-01  -7.8322805e-01  -7.4785822e-02  -1.9325435e-01  -3.9422177e-01
   2.0000000e+00  -2.5842536e+00   3.3386813e-01  -1.7729630e+00   2.8472223e-01   2.5078830e-02  -4.9471464e-01
   1.0000000e+00   1.8010764e-01  -1.0572637e+00   1.5576167e-01  -3.3194408e-01  -1.7765950e+00   5.0268850e-01
   1.0000000e+00   5.6854289e-01  -3.4120112e-01   7.2835560e-01  -1.2413937e+00  -4.6940453e-01   4.3953987e-03
   1.0000000e+00   5.2018828e-01   6.0432031e-01   7.7182651e-01  -5.5625902e-01   1.2747248e+00   6.1171924e-01
   2.0000000e+00  -1.3193924e+00   1.5675511e+00   1.0931094e+00  -2.7276942e-02  -2.3974246e-01   2.6023663e-01
   2.0000000e+00   2.2033575e+00  -3.3760833e-01  -1.0733310e+00   1.1589704e+00  -3.9178465e-01   1.0246054e+00
   2.0000000e+00  -1.9737570e+00  -1.7807496e-01  -5.7037100e-02  -8.9381785e-01  -6.8235259e-01   1.1095095e-01
   2.0000000e+00   1.4154776e+00   1.0075426e+00   1.2486555e+00   8.3051555e-02   1.9993641e-01  -2.1190607e+00
   1.0000000e+00  -8.9358292e-01   3.6936790e-01   4.3002583e-01  -5.3820410e-01  -2.2436119e-01  -8.1349628e-01
   2.0000000e+00   2.6745101e-01   1.2130887e-01  -6.2999519e-01   1.3540261e+00  -1.0385895e+00   5.0625171e-01
   1.0000000e+00  -2.0114037e+00  -1.6692020e+00   4.4108910e-01  -9.4353115e-01  -1.1478505e+00   6.0219740e-01
   2.0000000e+00  -8.2201745e-01  -7.3085904e-01   1.5265026e+00   4.8882114e-01  -6.0681618e-01  -1.1189463e+00
   2.0000000e+00   1.5841175e+00   1.1805615e+00   3.6020758e-01  -1.9323084e+00   2.2090377e+00  -1.0217013e+00
   2.0000000e+00   2.9537790e-01  -1.4759630e-01  -5.0782826e-01   6.3451093e-02  -1.0416691e+00   3.8453961e-01
   1.0000000e+00  -3.9201553e-01   1.6712672e+00   9.4553639e-02   1.5471454e+00   7.4460725e-01   5.1554327e-01
   1.0000000e+00  -1.9689396e+00   4.3561585e-01   1.6977350e-01   7.0171916e-02   4.6178115e-01   8.3344379e-03
   2.0000000e+00   1.8233307e+00   1.5717953e+00   5.9624933e-01   1.0214024e+00  -5.1588703e-01  -2.1281754e+00
   2.0000000e+00  -4.3578287e-01   4.1105604e+00  -6.0156233e-01  -6.8243472e-01  -1.5514958e+00  -6.2741223e-01
   2.0000000e+00   1.4488914e+00  -7.6418711e-01  -2.7767855e-01   1.2295501e+00   1.4021341e+00   8.3878879e-01
   1.0000000e+00   4.5463970e-02   2.6857331e-01   5.6940286e-01   3.6706166e-01   1.1510221e-01   2.1801451e-01
   2.0000000e+00  -4.1951657e-01   1.2127687e+00  -2.3283763e-02   1.0455784e-01   1.5565636e+00   1.0890362e+00
   2.0000000e+00   9.3236929e-01  -1.3867270e+00   1.6348194e+00  -2.9747290e-01  -1.9505280e+00  -9.2129460e-01
   2.0000000e+00   1.3970806e+00   2.0896894e+00   1.0553746e+00   1.4269170e+00  -3.0119758e-01   1.3095382e+00
   2.0000000e+00  -5.2912543e-01  -1.0493546e+00   5.1478305e-01   2.4044535e-01  -1.6959012e+00  -1.0344538e+00
   2.0000000e+00  -2.1901117e+00  -4.5643244e-01  -4.5072373e-01  -2.6777363e-03   4.2379041e-01   4.5709099e-01
   2.0000000e+00  -1.8235224e-01  -1.2401830e-01   2.5937145e-01   4.8298285e-02   5.8511468e-01  -1.0843786e+00
   2.0000000e+00  -5.8519981e-01   6.9343053e-01   8.2822104e-02  -1.9525874e-03   1.8130024e+00  -1.6876772e+00
   2.0000000e+00   6.6970046e-01  -1.2527318e+00  -4.9151723e-01  -9.5339222e-01  -1.4728558e-01  -1.2036685e+00
   1.0000000e+00   1.2367504e+00  -3.6751925e-01   6.6396496e-01  -2.9069080e-01  -3.6297557e-01   5.3668149e-02
   1.0000000e+00   1.9993468e+00  -1.5023446e-01   7.2044122e-01  -6.9064520e-01   1.2802418e-01  -1.5353324e-01
   2.0000000e+00   7.2152612e-01   6.1567226e-01  -1.2796697e+00   7.2647173e-01  -6.0284225e-02   2.7697184e-01
   2.0000000e+00   1.0196917e+00  -5.9609470e-01  -4.5928376e-01  -6.9679053e-01  -1.0438735e+00   5.4795795e-01
   1.0000000e+00   3.5335974e-02   1.3332932e+00   1.1077548e-01  -7.5622010e-01   8.3825526e-01  -2.1872290e-01
   1.0000000e+00  -6.0449046e-01  -6.4774829e-01   3.2412952e-01  -1.1457267e+00  -1.0672105e+00  -8.0124960e-01
   2.0000000e+00  -1.2615705e+00   4.0448335e-01   6.3777576e-01  -3.8833753e-01   7.5124984e-02   1.2750566e+00
   2.0000000e+00   3.0991281e-01  -5.6618630e-01  -1.2084670e-01   8.9289828e-02   4.3762370e-01  -5.9462740e-01
   1.0000000e+00   4.2386010e-01  -1.4720495e+00   7.6697792e-01  -5.2811732e-01  -7.4131190e-01  -1.4589245e-01
   2.0000000e+00  -3.0771114e-01   1.9609771e+00   6.7056256e-01   3.9030910e-01   1.3299216e-01   1.1973398e+00
   2.0000000e+00   1.5754066e-01  -5.9296224e-01   2.0132684e-01   5.3627142e-01  -1.1969528e+00   2.1259802e+00
   1.0000000e+00   7.7551918e-01  -1.4765709e+00   5.8505640e-01   1.0217082e+00   8.6139291e-02  -2.8361949e-01
   2.0000000e+00  -7.6678851e-01  -5.6689236e-01  -1.2336834e+00   7.4975434e-01   8.1223149e-01   4.8779389e-01
   2.0000000e+00  -1.3315786e+00  -2.8145381e+00  -1.5086642e-01   1.2955160e+00   1.7493701e+00   9.2893333e-01
   2.0000000e+00   1.1141251e+00   5.8421485e-02  -2.1015117e-01  -1.0737247e+00   4.1155419e-01   2.7815938e+00
   1.0000000e+00   2.1854096e+00  -7.6571665e-01   4.0995548e-01  -3.5166632e-01   8.1250100e-01  -2.9981357e-01
   2.0000000e+00   4.7126926e-01   1.7703228e+00   1.0897305e+00  -4.7917080e-01  -3.5837163e-01   1.2844213e+00
   1.0000000e+00  -1.5048448e+00  -8.8908523e-01   6.6946654e-01   1.1356264e+00  -3.3642079e-01  -6.0724878e-01
   2.0000000e+00   6.5967993e-01  -7.6375788e-01  -3.6744952e-01   4.8070771e-01   2.5149711e-01  -9.0387121e-02
   2.0000000e+00   3.4703336e-01  -1.1242142e+00   1.7922383e+00   4.6545213e-03  -5.1619253e-01  -6.7070517e-01
   2.0000000e+00  -2.8625669e-01   6.1636993e-01   1.8540258e-01   7.5743623e-01   7.3890767e-01  -1.3985970e+00
   2.0000000e+00   1.8637089e+00  -3.6746758e-01  -6.1453351e-01  -8.4793406e-01  -1.0230249e+00   4.7623729e-01
   1.0000000e+00   1.2892247e+00   6.7953319e-03   4.2668749e-01   1.2864029e+00  -5.1941136e-01  -3.9723470e-02
   2.0000000e+00  -6.4609862e-02   1.6834364e-02  -1.0512682e+00   2.0171897e-01  -3.4886305e-01  -1.2120348e+00
   1.0000000e+00   6.2544011e-01  -7.4962964e-01   8.3459931e-01  -4.4068305e-01  -1.7360278e+00   2.5057946e-01
   2.0000000e+00  -9.0962548e-01   3.5943692e-01   1.0378874e+00  -8.1350561e-01   6.3011458e-01  -1.5040619e+00
   2.0000000e+00  -5.5178354e-01   9.3771570e-02   1.4506488e+00   3.1455009e+00   8.8333995e-02   2.6860360e-01
   2.0000000e+00   4.0011449e-01   1.2313024e+00  -1.6792971e+00   2.9849379e-01   2.3802761e+00  -7.2810183e-01
   2.0000000e+00   6.6381455e-01   4.6848987e-01  -7.7255182e-01  -8.6738317e-01  -1.1869097e+00  -8.6823794e-01
   2.0000000e+00   1.2252905e-01  -1.3546188e+00  -1.5177035e+00   7.7449343e-01  -4.9156357e-01   6.4798861e-01
   2.0000000e+00   7.0654951e-01   9.7230203e-01   1.1576606e-01  -9.8684382e-01  -3.3060877e-01   1.8303529e+00
   2.0000000e+00  -8.9971303e-01  -1.0561626e+00  -5.4338634e-01   7.1835228e-01   5.2624379e-02   1.5834294e+00
   2.0000000e+00   2.2326899e+00  -9.9323870e-01  -4.5324062e-01   3.2899801e-01  -4.2862932e-01   9.4408741e-01
   1.0000000e+00   7.6875022e-01   9.5220200e-01   4.4154903e-01  -1.2366017e+00  -2.5098238e-01   4.4375247e-02
   2.0000000e+00   3.9875784e-01  -1.8506884e+00   2.0877149e-01  -6.8231794e-01  -1.1361850e+00   1.7349422e+00
   2.0000000e+00   1.2197339e+00   2.4306301e+00   5.0538656e-01   6.7226192e-01  -1.6099163e-01   1.3031706e+00
   2.0000000e+00  -3.9367729e-01   7.1793102e-01   2.9340925e-01  -9.2996721e-01  -5.9013769e-02  -1.3282830e+00
   1.0000000e+00  -2.1081715e+00   9.5430905e-01   6.7405604e-02   1.3087768e+00   1.3748738e+00   1.0206782e-01
   1.0000000e+00  -2.0505386e-01   1.1320748e-01   1.8476574e-01   1.4406952e+00  -1.4884400e+00   4.5249002e-02
   1.0000000e+00  -2.3652503e-01   1.2010854e+00   2.9193239e-01   1.2084230e+00   2.7952429e-01   1.8696407e-01
   2.0000000e+00   1.9560748e+00   6.9020859e-01  -8.4129294e-01   1.4413372e-01  -5.6954226e-01  -8.1527765e-01
   2.0000000e+00  -6.3320009e-01   2.1299025e+00   4.9568162e-01  -1.5898858e+00   4.4715275e-01   8.9906107e-01
   2.0000000e+00  -1.1215398e-01   7.3883927e-01  -6.4724126e-01   7.9151404e-01  -2.2639764e-01   1.2008115e+00
   1.0000000e+00   2.0098293e-01   3.5843968e-01   5.7527495e-01   5.4568795e-01  -1.3545512e+00  -7.8215177e-01
   2.0000000e+00  -5.8144012e-01  -8.4802940e-01  -3.8367479e-01  -6.5845659e-01  -2.0316324e+00  -1.3911751e+00
   2.0000000e+00   1.5023371e+00  -1.9492508e-01  -3.2364560e-01   9.1564098e-01  -2.9475710e-01  -1.1183360e-01
   2.0000000e+00   1.3511056e+00   7.9814214e-01  -3.0115580e-01  -8.3899548e-02   1.2389162e-01  -2.1652674e+00
   2.0000000e+00   1.7531037e+00   3.0049966e-01  -6.8132095e-01  -9.8116974e-01   1.2781553e+00   1.1337389e+00
   2.0000000e+00   1.5908790e+00   2.9474371e-01   9.1713923e-01  -1.9960880e+00   5.1801607e-01   1.3420282e+00
   2.0000000e+00   5.8555321e-01   1.3399551e+00   2.6266505e+00   3.7434563e-01  -4.4622359e-01   9.3034206e-01
   2.0000000e+00   5.5398241e-01   5.1214174e-01  -8.9676858e-01   7.1493945e-01  -1.1940222e-01   8.5645381e-01
   2.0000000e+00   2.8457367e-01   8.4154697e-01  -1.9326763e+00  -1.6870457e+00   2.4575511e-01   2.4479565e-01
   2.0000000e+00   5.2328279e-02   2.5717006e+00  -9.0229677e-01  -1.0904622e+00  -7.6704411e-01  -8.5133241e-01
   2.0000000e+00  -7.1056417e-02   8.6086519e-02  -3.2822592e-01   8.0088670e-01  -2.6181921e+00   6.5269619e-01
   2.0000000e+00  -1.1793864e+00  -3.6212969e-03  -9.9974238e-01  -6.5066178e-01  -8.8760408e-02   1.9150165e+00
   2.0000000e+00  -5.3746114e-01  -1.4948857e+00  -2.5202193e+00  -4.9528985e-01  -6.7290178e-01  -2.0869644e+00
   2.0000000e+00   4.4951789e-02   1.6591678e+00  -6.8833319e-02   6.4699536e-02   1.0341356e+00   7.7805855e-02
   2.0000000e+00   1.2273617e+00   1.2391719e+00  -2.7771505e-01   1.2508449e-01   9.0369426e-01   1.0165802e+00
   2.0000000e+00  -4.7297105e-01   1.3903874e-01  -1.0014418e+00   7.8628403e-01   1.0681371e-01  -2.5726871e-01
   2.0000000e+00  -1.0655309e+00  -5.5365446e-01   1.5584928e+00   8.3249027e-01  -7.9444288e-01   8.5931286e-01
   2.0000000e+00   2.2348933e-01   1.8189069e-01  -1.2639601e+00  -8.6678537e-01   6.2888095e-01   1.1045085e+00
   2.0000000e+00  -1.5138879e-01   1.0815239e-01  -1.0604615e+00   5.0599792e-01   1.1129850e+00  -1.8235652e+00
   2.0000000e+00   1.6890660e-02  -1.2449310e+00   1.9712096e+00   7.3922657e-01  -1.0972347e+00  -2.8778072e-02
   2.0000000e+00   1.2447453e+00  -3.9546503e-01   1.3687487e+00   1.2802343e+00  -4.8458522e-01   5.5780019e-01
   2.0000000e+00   1.5917762e+00  -1.1028086e+00  -1.5265462e-01   4.1313690e-01  -1.1517923e-02   5.7971149e-01
   2.0000000e+00  -6.1624637e-01   3.0206278e-01   7.8188183e-01  -7.4983017e-01   3.4713070e-01  -2.0204667e+00
   2.0000000e+00  -8.4162584e-01   1.1174499e+00  -7.6947787e-01  -3.0072548e+00   1.7120661e+00  -9.4609126e-01
   2.0000000e+00   9.5096391e-01   3.7144565e-03   4.1723576e-01  -2.3443371e-01  -6.6708765e-01   9.6018536e-01
   2.0000000e+00   1.5245704e+00   6.1528520e-01   5.4302989e-01   2.6374768e-01  -1.1705980e+00  -8.6082589e-01
   2.0000000e+00   1.1052530e-01  -1.1682120e+00   1.0558192e+00   1.1392832e+00  -1.6962959e-01   4.4261161e-01
   2.0000000e+00   7.8984387e-01  -2.3072274e-01   1.2658512e+00  -1.9652825e+00  -7.0228601e-01   4.6781485e-02
   2.0000000e+00  -3.2911432e-01   2.0594988e-01  -9.8928391e-01  -6.4370607e-01   1.3536076e+00  -1.4905222e+00
   2.0000000e+00  -8.3257234e-01  -3.3436782e-02   7.0939505e-01  -5.3215567e-01   6.5535243e-01  -1.4300925e+00
   2.0000000e+00   6.0100661e-01  -1.0525258e+00  -1.2158012e+00  -3.9525389e-01   1.3546880e+00  -9.5416485e-01
   2.0000000e+00  -3.6869242e-01   2.6348121e-01  -6.6313015e-01   1.7989177e-01  -3.4959512e-01  -1.5243808e+00
   2.0000000e+00   9.1224907e-01   2.6727798e-01  -2.6420417e-01  -2.8298296e-02   1.0034517e+00   6.9730583e-01
   2.0000000e+00  -5.5389847e-01   2.6682002e+00  -6.8709486e-01   5.8720559e-01  -4.7875689e-01  -7.7222980e-01
   1.0000000e+00  -1.6036175e-01   5.9189816e-01   2.5022603e-01   6.9329456e-01   1.0422079e+00   2.3466019e-01
   2.0000000e+00  -1.3933790e+00  -1.9204567e+00  -7.2265913e-01  -8.8017191e-01   1.1111781e+00   8.8646319e-01
   2.0000000e+00   1.0695359e+00   1.1477518e+00  -1.2260836e+00   6.4346232e-01  -2.8377554e-01  -1.1553732e+00
   2.0000000e+00  -5.9441802e-01   3.4814279e-01  -4.6582321e-01  -1.6891475e+00  -4.9960030e-01  -8.9306157e-01
   2.0000000e+00  -7.3363131e-01   2.7964313e+00   3.2100985e+00   1.3097757e+00   9.4582240e-02   3.6616055e-03
   2.0000000e+00   1.8781939e+00  -5.6938015e-01  -1.7803841e+00  -8.5581917e-01   2.0875448e-01  -6.4644343e-01
   2.0000000e+00  -1.9590439e-01  -1.1084683e-01  -1.4017102e-01  -9.3074593e-02   1.5542703e+00   1.1032460e+00
   1.0000000e+00   8.1619219e-01   2.0945003e+00   1.5944776e-01  -4.1994174e-01  -1.1232849e+00   3.3668207e-01
   2.0000000e+00  -4.6199612e-01  -1.2682589e+00   4.2287771e-01  -1.0102292e+00   1.0399566e+00   1.0801336e+00
   2.0000000e+00  -8.0106044e-01  -3.8203550e-02  -2.3677412e-01   1.2833843e+00   6.6957088e-01  -3.0368578e-01
   1.0000000e+00  -1.1097767e+00  -1.2252379e+00   5.7472787e-01   5.8054221e-01  -8.5679081e-01  -1.8365869e-01
   2.0000000e+00   1.7277483e+00   2.0658602e-01  -3.9429041e-01  -3.6280836e-01   4.4115979e-01   4.8410620e-01
   2.0000000e+00  -1.2356459e+00   2.0209183e+00  -8.9975265e-01   8.9153369e-02  -4.5431343e-01  -2.4734608e-01
   1.0000000e+00  -7.1227116e-01   6.7774209e-01   8.1170898e-01   1.5387259e+00  -1.0064761e+00   5.2966032e-01
   2.0000000e+00  -1.4543492e+00   1.9274086e+00  -1.9172955e+00   3.8306742e-01   6.0028325e-02   2.4134899e+00
   2.0000000e+00   2.3209889e+00   4.9971986e-01  -1.6813238e+00   1.2898045e+00  -1.5068253e+00   1.3274215e+00
   1.0000000e+00  -1.8043714e+00  -1.0781396e+00   2.6631043e-01   1.7313925e-01  -2.2412967e-01  -2.9798638e-01
   2.0000000e+00  -4.8939549e-01  -2.5117680e-01  -5.6821931e-01  -6.1747983e-01   1.5201726e+00   1.6677228e+00
   2.0000000e+00  -1.4486884e-02   1.0996553e+00  -3.6863552e-01  -1.1377926e+00  -3.1096571e-01  -9.3824997e-01
   2.0000000e+00  -4.6458837e-01   2.0167436e-01   1.4271301e+00  -8.0115564e-01  -1.2345571e-01  -3.7235000e-01
   2.0000000e+00  -2.3118323e-02   1.7614671e+00  -2.1146606e+00   4.9189117e-01   1.1189153e-01   1.7948092e-01
   2.0000000e+00   3.8038218e-01  -2.3108603e-01  -5.7489480e-01   2.9138616e-01   9.0113150e-01   2.3633559e-01
   2.0000000e+00  -5.2717581e-01  -2.2847581e-01  -1.6952040e+00   1.3874582e+00   2.5708684e-01  -2.5199720e-01
   1.0000000e+00  -9.2555576e-01   6.1613040e-01   6.8005098e-01  -8.4464497e-01  -3.2989436e-01   1.4483683e-01
   1.0000000e+00   8.1031691e-01  -2.2269898e-01   5.5015698e-01  -4.5605680e-01   8.7565076e-01  -5.8521246e-01
   2.0000000e+00   1.9269414e+00  -1.0889207e-01  -3.3877928e-01  -4.4022914e-01  -9.7067395e-01   4.0887523e-01
   2.0000000e+00   1.4271453e-03  -7.1042909e-01   2.1449481e+00   1.3600153e-01  -9.9621877e-01  -2.0341281e+00
   1.0000000e+00   1.0601919e-01  -8.5203199e-01   5.9255470e-01   7.2269469e-01   5.6242389e-01  -6.4561676e-01
   2.0000000e+00   3.9899290e-01   6.9270698e-01   7.5293368e-01   1.0361324e+00  -1.9834585e-01  -7.8202202e-01
   2.0000000e+00  -3.9579701e-01  -8.2339317e-01  -4.1157108e-01   2.5949659e-01  -4.2789546e-01  -1.0712284e+00
   2.0000000e+00   6.6456606e-01  -2.5561634e-01   5.8528283e-01   4.6780309e-02   6.4991019e-01   1.7073532e+00
   2.0000000e+00   7.7002628e-01   1.1826103e+00  -7.3734742e-01   2.2508826e+00  -2.7722160e-01   1.1171724e+00
   2.0000000e+00   9.0639088e-01   4.4790638e-01  -3.3960333e-01  -2.2440411e-01  -3.4642146e-01   1.5105472e+00
   1.0000000e+00   1.4436196e+00   1.6115177e-01   9.2174804e-02  -5.9248043e-01   3.5219535e-01  -5.4897889e-01
   2.0000000e+00   1.5097298e+00   1.0383136e+00  -4.1955622e-01   3.7359807e-01  -1.3193823e-02  -1.0146225e+00
   1.0000000e+00   1.2653660e+00  -7.3024848e-01   1.3155228e-02   8.2969141e-01  -6.5863241e-01   5.6966781e-01
   2.0000000e+00  -8.0775024e-01   5.0268170e-01  -1.8660406e+00  -5.3089405e-01  -1.0162955e+00   1.2091395e-01
   1.0000000e+00  -8.3952003e-01   1.0276943e+00   6.8593560e-02  -6.0009184e-01  -1.1183880e+00   2.5015654e-01
   2.0000000e+00  -9.9784617e-01  -5.4969286e-01  -8.2430564e-01  -2.9974012e-02  -5.0396229e-02  -1.8944170e+00
   2.0000000e+00   9.2081964e-01  -7.5435448e-01  -2.8677211e-01  -9.0933769e-01   2.7151113e-01   2.9098168e-01
   2.0000000e+00   1.7247491e-01  -2.5341981e-01   1.0683500e+00  -4.8351893e-02  -2.7257150e-01  -1.0701950e+00
   2.0000000e+00  -4.5617471e-01  -6.4325821e-02  -1.1866382e-01   1.1526269e+00   9.2794367e-01  -3.1627284e-01
   2.0000000e+00  -8.2680414e-01   7.3398477e-01  -2.0059148e-01   6.8313501e-01  -1.4312738e+00   2.4982268e-01
   1.0000000e+00   4.4186760e-01   8.4330031e-01   3.1542196e-01  -1.0339498e+00   1.9411957e+00   3.1439312e-01
   2.0000000e+00  -7.6566868e-01  -9.4653096e-01  -4.9238858e-01  -3.8710823e-01  -7.9325542e-01   1.8998959e+00
   2.0000000e+00   6.6581357e-01   8.6632212e-01  -1.3242601e+00  -2.9141329e-01   5.0083052e-02  -2.6856666e-01
   2.0000000e+00   1.2878742e-01   2.0582905e-01  -3.3194100e+00  -2.6973558e-01   2.2339240e+00  -5.2760905e-01
   2.0000000e+00  -7.3879169e-01   2.7771740e-01   9.0519327e-01   6.9741744e-01  -9.1862077e-01   1.4092385e+00
   2.0000000e+00  -8.3906736e-02   1.3731528e+00  -2.5983584e-01  -3.8349269e-01   2.2903441e+00  -5.8484940e-01
   2.0000000e+00   4.1660412e-01  -3.6893687e-01  -3.2192399e-01   4.8771638e-01   1.3944977e+00  -6.5114278e-01
   2.0000000e+00  -1.1682388e-01  -1.0296402e+00  -1.8742913e-01  -2.4923013e-01   1.6921156e+00   1.1282892e+00
   2.0000000e+00  -2.0281888e-01  -3.0513737e-01  -2.3599909e+00  -4.3708485e-01  -8.9276409e-02  -2.2289496e-02
   2.0000000e+00   1.9292796e-01  -8.4434700e-03   1.7000983e+00   2.1977797e+00   5.1991826e-01   1.2700957e+00
   1.0000000e+00  -2.4142128e-01   1.3996374e+00   4.4928781e-01  -6.4162618e-01  -7.0331766e-01   2.3181102e-02
   2.0000000e+00  -1.1828358e+00   6.0207482e-02   1.2180451e-01   4.6971728e-01  -1.4886466e-01   1.3101893e+00
   2.0000000e+00   1.3917190e+00  -6.3173406e-02  -5.3429645e-01   5.0761651e-01  -1.0394744e-01  -1.3702862e+00
   2.0000000e+00   2.1765937e+00  -5.3386732e-01   1.3815165e+00   6.0212153e-01   2.3666576e+00  -1.2384030e+00
   2.0000000e+00  -2.1671104e-01  -9.4383107e-01   9.0386355e-01   2.3292037e-01   9.5954257e-01   6.8578343e-01
   2.0000000e+00   1.5235492e+00   1.9049505e+00   1.1557158e+00   8.6824369e-01   1.0439399e+00   8.9079858e-02
   2.0000000e+00  -1.3036782e+00   8.0718378e-01   2.6894990e+00   9.2791063e-02   4.5324235e-01  -2.7246643e-01
   2.0000000e+00  -1.4011096e-01  -9.9443858e-02   1.2938766e+00   4.3829144e-01   1.8508369e+00  -1.3163512e+00
   2.0000000e+00  -1.1386420e+00  -9.6685801e-01   9.3167232e-01  -8.9678519e-01  -2.8539268e+00  -1.1095242e-01
   2.0000000e+00   9.8019324e-01  -5.8911354e-02  -4.4365138e-01   8.7040853e-01  -6.5102210e-01  -9.5678744e-01
   2.0000000e+00  -4.9544202e-01   8.0674033e-01  -1.2458817e+00   9.4931272e-02   9.5943168e-02   9.7003973e-01
   2.0000000e+00  -2.2981833e-01  -6.1736359e-02  -1.0188198e+00  -1.0098898e+00  -1.6474402e+00  -1.9684786e+00
   1.0000000e+00  -5.4639699e-01  -8.7810740e-01   9.3631588e-01   5.3576685e-01  -1.6834045e+00   3.3857697e-01
   2.0000000e+00  -1.9245434e+00  -1.2891583e+00  -1.8667218e+00  -8.8351310e-01   9.9827881e-01  -2.3946900e-01
   2.0000000e+00  -1.0866165e+00   3.3125927e-01  -1.5923663e+00   1.0828530e+00   4.8622662e-01   5.0128550e-01
   2.0000000e+00  -3.9192966e-01  -2.0834513e-01  -1.2486139e+00   1.1456029e+00   1.1351733e+00   5.3945245e-01
   2.0000000e+00   1.1142818e+00  -8.4799834e-01  -1.0105642e-01  -3.9836388e-01  -9.9969720e-01  -1.2687227e-01
   2.0000000e+00   1.0823766e-01  -2.1768481e+00  -2.9064324e-01  -7.0471833e-01  -1.4331298e+00  -1.4017571e-01
   2.0000000e+00   5.9867166e-01   1.8632294e-01   1.0562903e+00   3.7494258e-01  -8.5598118e-01   8.5769450e-01
   2.0000000e+00  -1.4139834e+00   1.9695248e+00  -1.5911148e+00   3.1745309e-01  -2.9627350e+00  -1.4033671e+00
   1.0000000e+00   1.9701455e-01  -1.0674966e+00   2.1847580e-01  -1.0327633e+00   2.2687371e-01  -3.9252873e-01
   2.0000000e+00   2.4937942e-01   5.0638127e-01  -1.4521301e+00   1.2553152e+00  -4.1294914e-01  -1.1571516e+00
   2.0000000e+00  -7.0323765e-01   1.5648417e+00  -1.0583174e+00  -1.8269310e+00   2.5187430e-01   4.8139761e-01
   2.0000000e+00   4.9186610e-01  -6.6682494e-02  -3.1105233e-01   3.7835048e-01  -1.3007396e+00  -6.5756392e-01
   2.0000000e+00  -2.7563937e-01  -6.9049376e-01   9.4780123e-01  -1.7336888e-01   4.4777616e-01   8.5639772e-01
   2.0000000e+00  -4.9157301e-01  -1.0764638e-01  -7.7489126e-01   8.4574075e-01   2.0071988e-01  -6.8291290e-01
   2.0000000e+00  -8.1373798e-01  -8.2295295e-01  -1.8098733e+00   8.2220284e-01  -1.1568423e+00   1.3360685e+00
   1.0000000e+00   1.2152636e+00  -1.5479883e-01   3.4449548e-01   1.7582450e+00   7.4224493e-01   3.3286551e-01
   2.0000000e+00  -3.4600667e-01  -5.2946314e-02  -9.8830063e-01   1.3224542e+00   2.7116742e-01   9.4089954e-01
   2.0000000e+00   1.1167401e+00  -2.4637259e-01  -1.7991910e+00  -7.0177553e-01   2.3349453e-01  -6.4452256e-01
   2.0000000e+00   9.2623047e-02  -2.1170484e+00  -1.7986758e-01  -4.2525455e-01  -8.0049249e-01   3.3424763e-01
   2.0000000e+00   8.8282892e-02  -7.8249537e-01  -1.3563802e+00   7.7492982e-01  -1.5843520e+00  -8.8009205e-01
   2.0000000e+00   9.3058933e-01   1.0454717e+00  -6.6652229e-01  -6.1160729e-01   3.4628396e-01  -1.2348902e+00
   2.0000000e+00  -1.7146339e+00  -1.2644899e+00  -9.5394274e-01   7.8326869e-02   1.2541232e-01   8.4798971e-01
   1.0000000e+00  -8.5016206e-01   2.7851838e-01   3.4122248e-01  -1.5897755e+00  -9.4297002e-03   6.7485152e-01
   2.0000000e+00  -4.1268217e-01   6.4201540e-01  -8.6421020e-01   6.5249096e-01   3.1059764e-01   1.7393382e+00
   2.0000000e+00  -7.6316777e-01  -7.2217823e-01  -1.2034663e-01   5.9569177e-01   1.3143588e+00  -4.1973575e-01
   2.0000000e+00   1.0157502e+00  -7.4999153e-02  -6.5787154e-01  -1.2790206e+00  -2.6483499e+00  -8.6963263e-01
   2.0000000e+00   1.5217343e+00   1.9219821e+00  -1.8116864e-01   5.6130448e-01  -5.5185752e-01  -4.2933951e-01
   2.0000000e+00  -1.1248863e+00   9.8485737e-01  -1.4042275e+00  -1.6467799e-01   7.5880651e-01  -1.1220819e+00
   2.0000000e+00  -2.7697703e-01   1.9541780e-01  -7.9943636e-01  -1.1587370e+00  -8.9952937e-01   2.1681711e-01
   2.0000000e+00   8.5455639e-02   6.3569988e-01   1.1855766e+00   2.4938260e-01   9.1665101e-01   1.0561958e+00
   2.0000000e+00  -8.4101734e-01   6.7012832e-01   1.3675533e+00   4.1872198e-01   1.1455913e+00  -5.5020573e-01
   1.0000000e+00   1.9692332e+00  -3.3701777e-01   3.5125808e-01   5.0488938e-02  -8.1363057e-01  -2.0932920e-01
   2.0000000e+00  -1.5449598e+00  -1.0857788e+00  -3.7342005e-02   5.6197130e-01  -1.5805840e-01  -1.0212642e+00
   2.0000000e+00  -1.8285145e+00  -2.8795350e-01   5.4740369e-01  -6.8524496e-02  -1.1760330e+00   1.1798169e+00
   2.0000000e+00  -1.3282507e+00  -3.0909896e-01  -3.7010950e-01   4.0620085e-01  -2.1069230e-01   2.7575293e-01
   1.0000000e+00   5.5345230e-01  -1.4063165e+00   4.0095698e-01  -4.7507768e-01   2.8162177e-01  -6.5778524e-01
   2.0000000e+00   2.8672332e-01  -5.7414542e-01   3.7100536e-01  -2.3216935e-01   5.0856200e-01   1.0265024e+00
   2.0000000e+00   1.5337510e+00   4.8765615e-01   4.4410999e-01  -5.6520358e-01  -1.3385132e+00   1.2648057e+00
   1.0000000e+00  -6.3557108e-02   2.4568944e-01   2.6162082e-01   4.5087208e-01   3.7112812e-01  -6.5928504e-01
   2.0000000e+00   8.4844396e-01  -2.3846932e-01   9.8962610e-01   4.6627545e-01  -9.9283277e-01   5.2892511e-01
   1.0000000e+00   3.8730310e-02  -2.3966375e+00   8.7076003e-01   7.4712383e-01   6.1929702e-02  -3.4676580e-02
   2.0000000e+00   6.4400478e-01   5.4934039e-01   2.1941067e+00   1.1318041e+00  -2.9958356e-01  -1.6227841e+00
   1.0000000e+00  -2.1855079e+00   1.7462878e+00   6.0180384e-01   8.0772701e-01   7.8672367e-01  -4.2179155e-01
   2.0000000e+00  -7.8162302e-01  -8.0326552e-01  -1.0559575e-01   2.8518184e+00  -6.4205903e-01   3.9337221e-01
   2.0000000e+00  -6.1970579e-02  -7.5703361e-01  -4.1609820e-01   1.9250427e-02  -6.9754879e-01  -1.8974239e+00
   2.0000000e+00  -9.4179712e-02   5.6512322e-01   5.7087011e-01  -5.9947463e-01   9.6041794e-01   2.5870100e+00
   2.0000000e+00  -8.5882266e-01  -2.1436289e+00  -7.6687106e-01  -8.3909375e-01   4.6780218e-01  -2.9789647e-01
   2.0000000e+00  -1.6500238e+00   8.6253517e-01   1.7571808e+00  -7.3311303e-01  -8.2634988e-01   1.0255635e-01
   2.0000000e+00   1.0096812e+00   1.9990506e+00   1.2194715e+00  -1.1794047e+00  -1.8344322e+00   1.7040989e+00
   2.0000000e+00  -5.4130112e-01  -1.7032308e+00  -7.2231904e-01  -6.3239700e-01  -5.1164700e-01   1.5493244e-01
   2.0000000e+00   5.4267581e-01  -1.1693333e+00  -3.3343447e-01  -6.0666127e-01  -5.9800769e-01  -4.4280205e-01
   1.0000000e+00  -2.0489099e+00  -2.2228476e-01   3.3520501e-01   7.5603915e-01  -7.3675776e-01  -1.4874222e-01
   2.0000000e+00  -1.8223522e+00  -2.1275726e+00  -1.0007789e+00  -6.0406063e-01  -5.3024873e-01   4.6107300e-01
   1.0000000e+00  -2.1812734e-01  -3.2174846e-01   2.7629986e-01   3.3902986e-01   1.5659609e+00   1.0527028e-01
   2.0000000e+00  -9.7120725e-01   8.1905758e-02   1.5029158e+00   7.8384786e-01   1.0297142e+00  -1.2696824e-01
   2.0000000e+00  -1.3534921e+00   7.0030657e-01   1.6918387e+00  -7.5998187e-01   7.5065982e-01   6.2497490e-01
   2.0000000e+00   1.3601322e+00   6.2181256e-01  -7.9099895e-01   1.6371284e-01  -6.5912613e-01  -1.8693324e-01
   2.0000000e+00  -4.3436141e-01   1.2897639e-01   1.4397503e+00  -4.6025477e-01  -1.5312288e-01  -4.8092144e-01
   2.0000000e+00   1.6162464e+00   8.8364118e-01  -9.3450111e-01  -1.5845766e+00  -7.4959821e-01   1.1616629e+00
   2.0000000e+00  -1.2590435e+00  -4.7628865e-01  -1.4687047e-01   1.4687162e+00   2.9038412e-01  -1.0547525e+00
   2.0000000e+00  -1.0558064e+00   1.4837242e-01   9.5944818e-01  -6.6002746e-01  -7.4487190e-01   2.3280710e+00
   2.0000000e+00  -2.5852280e-01   8.1844668e-01  -8.6192360e-01  -1.8935129e+00  -1.5966956e+00   4.0299569e-01
   1.0000000e+00  -1.2746572e+00   7.0753074e-01   6.9499734e-02  -9.4328660e-01  -1.0176179e+00   2.2005251e-01
   2.0000000e+00  -1.7064680e+00  -1.0243840e+00   2.8530798e-01  -5.5425980e-01  -1.2521909e+00  -1.5170729e+00
   2.0000000e+00  -5.2626086e-01  -1.0204847e+00  -3.9451726e-01   1.2741950e+00   8.6954207e-01  -1.0572611e+00
   2.0000000e+00   8.6788814e-01  -1.1310373e+00   1.7787021e-01  -8.5276056e-01  -2.3400766e+00   1.5535207e-01
   2.0000000e+00   2.3236300e-01   2.2206662e+00  -4.6207413e-01   7.7960759e-01   1.4902344e-01   1.5298004e+00
   2.0000000e+00   7.1669536e-01   3.9710227e-01  -7.8964629e-01  -2.4125259e-01   1.1325323e+00  -1.7099301e+00
   1.0000000e+00  -1.0816677e+00   5.6064994e-01   7.4072273e-01  -9.2577447e-01  -3.3897481e-01  -2.2536360e-01
   2.0000000e+00  -1.0733349e+00   1.1772128e+00  -3.9948457e-01   1.2096679e+00  -9.5465224e-01  -1.2548591e+00
   1.0000000e+00  -2.4864593e+00   4.3656551e-01   1.7906380e-01  -4.0524374e-01  -3.4376710e-01  -3.7906544e-01
   2.0000000e+00   7.2602268e-01  -1.3990706e+00  -1.0451045e-01  -1.1190063e+00   1.0428746e+00  -2.9911379e-01
   2.0000000e+00   6.8811387e-02   6.9957486e-01  -7.5262853e-01   1.2677759e-02   6.5110652e-01   3.0994795e-01
   2.0000000e+00  -2.4838674e-01   9.0795432e-01  -2.0136064e-01  -4.4018814e-01   9.0282877e-01   1.0085660e+00
   2.0000000e+00  -8.2101279e-01   1.7522805e-01   1.0841164e+00   7.6656032e-01  -1.3542894e+00   5.0441242e-01
   2.0000000e+00   1.0785781e+00   8.4567727e-01   1.5722083e+00  -1.0319757e+00   2.9253592e-02   3.3907124e-01
   2.0000000e+00   9.6144982e-01   1.0026447e+00   1.0000508e+00  -3.3091050e-02  -8.7399720e-02  -3.2743828e-01
   1.0000000e+00   1.7927767e-01   1.2301432e+00   1.1498696e-01  -1.0929515e+00   1.2197061e+00  -9.2161586e-02
   2.0000000e+00  -2.0613486e-01   7.6362173e-01   6.4313948e-01   1.6711435e+00   2.4275406e-01  -1.0383601e+00
   2.0000000e+00  -1.6972777e+00   1.6208108e+00  -9.2553481e-01   9.2601770e-01   1.2609755e+00  -6.8075609e-02
   1.0000000e+00   1.8207451e+00   5.4982889e-01   5.8044627e-01   1.9415798e+00   1.0457144e+00   7.7996712e-01
   2.0000000e+00   6.8404477e-01   1.4802231e+00   1.2830227e+00   9.8256020e-01  -7.5762839e-01   5.6584508e-01
   1.0000000e+00  -7.0170818e-01  -1.7238774e+00   7.7528264e-01  -5.1873231e-01  -4.4851641e-01   7.0014513e-02
   2.0000000e+00   9.9998041e-01   8.0114992e-01   2.2154847e+00   7.4507034e-02   7.4279190e-01   1.0586939e+00
   2.0000000e+00  -1.3199913e+00  -3.9073698e-01   2.2405563e+00   2.8553925e-01   9.5502639e-01   2.0906823e+00
   2.0000000e+00   5.6507284e-01   1.0619860e-01   8.6471909e-01   9.3615110e-01   2.6230573e+00  -1.4828405e+00
   2.0000000e+00   1.8493606e-01   4.7113825e-01  -1.3695690e+00   7.5549393e-02   7.4026677e-01   1.1592366e+00
   2.0000000e+00   1.2228611e+00   1.4664408e+00  -2.5983240e+00   1.6601046e+00   4.1773557e-01   1.1439508e+00
   2.0000000e+00   2.3275263e-01  -3.5686714e-02   1.8811205e+00   6.5388881e-01  -5.0883701e-01  -1.8517547e+00
   2.0000000e+00  -4.4525488e-01   4.6735116e-01   1.1164604e+00   4.6788861e-01  -2.0286526e+00   2.8537040e-01
   2.0000000e+00   7.0168547e-01  -6.6604767e-01   6.2538308e-01   5.7199368e-01  -3.0326182e-01  -1.2371179e+00
   2.0000000e+00  -2.1418067e-01  -1.6578005e+00   1.0032381e+00   1.0195942e+00   2.2302707e-01   3.1744126e-01
   1.0000000e+00   1.2858112e+00   4.9355371e-01   1.4308961e-01  -3.1637105e-01   6.6658461e-01   1.2333333e-01
   2.0000000e+00   2.7070015e+00  -1.0030541e+00   1.0013888e+00  -5.9146512e-03  -1.1133970e+00   7.3651224e-01
   2.0000000e+00   6.3268477e-01   1.6037414e-01   6.5727643e-01  -1.4440611e+00   2.2423352e-01  -8.5107045e-01
   1.0000000e+00   2.5807895e-01   1.7156502e-01   5.1781351e-01  -6.2729997e-01   4.8494698e-01  -1.3819482e-01
   2.0000000e+00  -4.1944963e-01   3.0293718e-02   1.6252659e+00   2.0160144e+00  -2.2484079e-01   3.6226458e-01
   2.0000000e+00  -1.1824181e+00  -6.1033459e-01  -9.6469583e-01   6.3727598e-01   7.8328911e-02   7.2082404e-01
   1.0000000e+00  -1.6264341e-01  -5.2544337e-01   3.7476688e-01   1.4256919e+00  -8.7267811e-01  -4.4362852e-01
   2.0000000e+00   5.7020979e-01  -9.2212799e-02   1.1596735e+00   1.4157313e-01   1.3802635e+00   1.2023475e+00
   2.0000000e+00   5.8509991e-01   2.0284398e+00  -2.7516139e-01  -5.1685957e-02   6.3623922e-01  -1.7244253e+00
   1.0000000e+00  -4.8154404e-01   1.4233821e+00   5.0147543e-01  -1.7553303e-01  -4.5449162e-01   1.8044297e-01
   2.0000000e+00  -1.3712970e+00  -2.5691323e+00   3.9121689e-01  -5.8866038e-01  -1.3000438e-01   1.9764653e+00
   2.0000000e+00  -8.7210000e-02   1.6522313e-01   1.1280684e+00  -1.2120191e+00  -1.7318983e+00  -4.9116579e-01
   1.0000000e+00  -8.1915180e-01  -3.6301039e-01   8.2098115e-03  -1.8474945e-01   3.3820729e-01  -3.2089744e-01
   2.0000000e+00   2.4063878e+00  -6.7415023e-01  -3.7918991e-01   1.7855182e+00  -9.7044426e-01   7.2184681e-02
   1.0000000e+00  -1.3197301e+00   9.2345382e-02   3.2842022e-01  -9.5319315e-01   1.0475030e+00  -4.5594391e-01
   1.0000000e+00  -1.5997344e+00   1.1980777e-01   6.2365129e-01   1.6464325e-01   2.3739589e-01  -5.9442048e-01
   2.0000000e+00  -2.5870450e+00   7.0561292e-01  -3.6380530e-01   4.8122241e-01  -1.1207952e+00   1.3938688e+00
   2.0000000e+00   1.2646921e+00   5.2280663e-01  -7.5175497e-01  -1.8238084e+00  -8.1995034e-01   7.5025546e-01
   2.0000000e+00  -1.3146914e+00   9.3266345e-01   2.2505426e+00  -1.4429615e-01  -7.2320031e-01  -2.4719392e+00
   1.0000000e+00  -3.5185270e-01   1.9144009e-01   3.3915001e-01  -6.4072370e-01   1.0032680e+00   3.8375144e-01
   2.0000000e+00  -3.3644778e-01   8.3334529e-01   1.7112053e+00   6.0888267e-01  -5.3841234e-01  -1.5077014e-01
   2.0000000e+00   3.2065364e-01  -4.7127397e-01  -7.1896172e-01  -1.4894605e-01  -1.8290972e+00   3.6465817e-01
   2.0000000e+00   7.5942598e-01   7.9345588e-01  -4.5894739e-01   2.6671296e-01  -1.0682222e+00  -1.2570766e+00
   2.0000000e+00   3.4637894e-01   1.4401753e+00  -1.2551127e-01  -6.2889641e-01  -2.2174754e-01  -5.9459193e-02
   2.0000000e+00   7.8737619e-02   4.8493712e-01  -6.6582350e-02   6.7029970e-01  -1.0921582e+00  -3.7606430e-01
   2.0000000e+00   1.2380011e+00   1.2674893e+00  -4.8631737e-01  -7.4557383e-01  -5.6373097e-02  -1.3827779e+00
   2.0000000e+00   8.2600702e-01  -5.6671424e-01  -8.7351591e-01  -1.6264064e+00   1.0567929e-02  -3.8342450e-01
   2.0000000e+00  -1.3030913e-01   4.8049561e-01  -9.2178629e-01   4.4642525e-01   1.9375247e+00   1.5011401e+00
   1.0000000e+00   2.1049803e+00  -1.3386712e+00   4.6988881e-02   6.7553643e-01  -3.1997360e-01  -4.1327581e-01
   2.0000000e+00  -9.9454730e-01  -1.7102651e-01  -3.6950458e-01  -1.1571779e+00   3.6316484e-01   2.0088473e-02
   2.0000000e+00   1.2634205e+00  -9.2315222e-01   1.4657626e+00   6.2127025e-01   1.5048009e+00   2.8261902e-02
   2.0000000e+00  -1.4461654e+00  -1.8606523e+00  -4.0611927e-01  -1.3367965e+00  -1.8504816e+00   1.6508349e-01
   2.0000000e+00   1.5070453e+00   4.3653518e-01   1.0576790e+00  -1.7306058e-01  -6.2288408e-01  -1.9835183e-01
   2.0000000e+00   5.3602849e-01   2.8535505e-01  -4.9650013e-01   6.9263714e-01   6.0515522e-01  -1.2804725e+00
   2.0000000e+00  -5.4045608e-01  -7.4908337e-01   1.7057976e+00   6.4283546e-01   3.8277387e-01   4.8483980e-01
   1.0000000e+00   4.5979390e-01   7.6216996e-01   1.6163581e-01  -5.4943103e-01  -6.2145947e-01   4.4069773e-01
   2.0000000e+00   5.0280160e-01   2.5496742e+00   1.2185131e+00  -1.6756915e+00   4.3983361e-01   4.8561187e-01
   2.0000000e+00  -1.6338407e+00  -5.5873135e-01  -3.5588036e-01   1.9011223e+00  -1.9328494e-02  -5.0887588e-01
   2.0000000e+00   6.5606196e-01  -2.0287703e-01  -8.7057054e-01  -7.4864183e-01   8.4145803e-01   8.0826106e-01
   1.0000000e+00  -3.9928915e-01   1.3875879e-01   6.8401193e-02  -5.6951720e-01   6.2395019e-01   5.0995430e-01
   2.0000000e+00   6.2303068e-01   9.5692099e-01   8.9794944e-01  -4.6146785e-01   8.9650292e-01   4.8282726e-01
   2.0000000e+00  -1.6061049e+00  -5.0169738e-01  -7.4471987e-01  -1.7605214e+00  -8.2098761e-01   8.1864390e-01
   1.0000000e+00  -2.7123300e-01  -7.5088947e-01   3.9131397e-02  -1.1236223e+00  -3.5978704e-01   3.4160404e-01
   2.0000000e+00  -2.1055145e+00  -2.2911441e+00   2.0122557e-01  -5.1290629e-01  -4.0544630e-01  -1.4883527e+00
   2.0000000e+00   6.3688793e-01  -2.8072648e-01  -3.6160039e-01   3.4728876e-01   3.3319964e-01   4.0864419e-01
   2.0000000e+00  -8.2600199e-01   5.8474392e-01   3.4996326e-01   1.1923831e+00  -3.1397476e-01   2.4068547e+00
   2.0000000e+00  -1.3455640e+00  -1.2602791e+00  -7.5790469e-01  -1.6060004e+00  -1.1666775e+00   3.3020110e-01
   2.0000000e+00  -2.7685995e-01  -2.3041851e+00  -5.9804190e-02  -2.5544816e-01   1.8740364e+00   6.5994218e-01
   2.0000000e+00  -3.6586114e-01  -2.4841708e+00  -1.2087963e+00  -1.4825366e+00   1.0153480e+00  -5.8949555e-01
   2.0000000e+00   8.9372804e-01   4.0320180e-01  -1.4719715e+00   7.0845195e-01  -1.2765349e+00  -6.1448093e-01
   2.0000000e+00  -3.4459780e-02   6.0268212e-01   1.2605874e+00   2.7418923e-01   1.1107051e+00  -3.6863896e-03
   1.0000000e+00  -7.5407113e-01  -6.1235278e-01   2.0992831e-01   2.2785163e+00   5.1351963e-01  -7.5403664e-01
   1.0000000e+00   6.5757061e-02   3.4259248e-01   4.2490376e-01   1.1196149e+00   1.6614248e-01  -1.5039358e-01
   2.0000000e+00   1.1261991e+00  -3.4221372e-01  -5.3291633e-01   1.7691439e+00   2.8650067e-01   2.0034135e-01
   2.0000000e+00   2.1567655e+00   7.3116767e-01  -1.0592857e-01   9.7275348e-01   3.0046559e-01   2.1909102e+00
   2.0000000e+00  -1.7435426e+00   2.0829737e-02  -1.1541128e+00  -2.0089707e+00   2.3413123e+00   1.2535458e+00
   2.0000000e+00  -5.5573381e-02  -2.7061003e-01  -1.5143808e+00  -1.8391592e-01   8.1268638e-01  -2.6261370e-01
   2.0000000e+00   4.5327900e-01   6.5518309e-01   2.2319542e+00  -1.4674125e-01   5.4848765e-01   1.8847624e+00
   2.0000000e+00  -1.0594231e+00   7.6115190e-01   1.2970061e+00   1.3840086e+00   1.1711192e+00   7.4907418e-01
   2.0000000e+00  -1.9528336e-02   2.0301966e+00  -2.0123460e-01   7.0352750e-01   1.0407316e+00   1.8505626e-03
   2.0000000e+00  -9.0549407e-01   6.1471448e-01  -2.9005607e-02   2.8082798e-02   4.6450569e-01   6.0314464e-01
   2.0000000e+00   2.3346854e-01   1.2393982e+00  -4.1625911e-01   5.5828344e-01   6.9886841e-01  -1.7318644e+00
   1.0000000e+00   1.1046527e+00   1.0761634e+00   6.8172606e-03  -1.3176869e+00   1.6169170e+00   9.1701756e-01
   2.0000000e+00   1.1671798e+00   1.4252904e+00   1.3359324e+00  -7.2564079e-01   1.0866064e+00  -3.0217193e-01
   2.0000000e+00  -1.7575897e-01   5.5355894e-01  -8.2375779e-01   4.3885457e-01   6.9190510e-01   1.0215408e+00
   2.0000000e+00   3.4184745e-01   1.3630152e+00   1.2523710e+00  -7.3404247e-02  -2.3030754e-01   2.2819919e+00
   2.0000000e+00  -1.8818202e-01  -2.8443689e-01   8.3192734e-01   4.7898652e-01  -7.5498314e-02   7.1568088e-01
   2.0000000e+00   7.8829529e-02   1.3759813e-01  -7.7725813e-01   1.2316915e+00  -6.3345024e-01  -2.8128574e+00
   1.0000000e+00   1.5023966e-01  -2.2155400e-01   9.6803540e-01  -2.4033386e-01   1.5738067e-01   1.4812548e-01
   2.0000000e+00   1.2750616e+00   2.2511946e-01   7.8907232e-01   4.7064106e-01  -1.0870805e+00   2.4492900e+00
   2.0000000e+00  -1.2235719e+00   2.0664019e+00   2.5321021e-01  -2.6185629e-01   2.5274863e+00  -4.5558272e-01
   2.0000000e+00   3.6546015e-01  -1.4565720e+00  -3.9499291e-01   1.0163577e+00  -8.8372821e-01  -1.0487722e+00
   2.0000000e+00   4.3707091e-01   1.7920040e+00  -4.3934820e-01  -1.6650172e-01  -9.2592043e-01  -1.1696062e+00
   1.0000000e+00   5.1766281e-02  -1.2207335e+00   9.7885107e-01  -8.4102863e-01   3.9403494e-02  -1.5243574e-01
   2.0000000e+00  -6.7333333e-01  -4.9870147e-01   2.1513653e-01  -6.0086219e-01  -2.7300638e-01  -1.1132514e+00
   1.0000000e+00  -1.0039137e+00  -7.9953056e-01   7.2251887e-01  -2.0735080e+00   9.1290874e-01  -2.3331190e-01
   2.0000000e+00   4.1850716e-02  -3.5711007e-01  -1.1657347e+00  -4.5232436e-01   7.3790504e-01  -3.5155511e-01
   2.0000000e+00  -4.3918632e-01   2.4382850e-01  -1.8004311e-01  -2.5214014e-01   1.0309154e+00  -2.9627253e-01
   2.0000000e+00  -9.6029447e-02  -1.3348011e-01  -1.0606233e-02  -3.4237163e-01   8.8603684e-01   7.5988715e-01
   2.0000000e+00   8.6904054e-01   1.5595603e+00  -3.4621042e-01   8.7472642e-02   9.2419920e-01   1.9863592e+00
   2.0000000e+00  -4.7545340e-01   4.3232483e-01   6.9307910e-01  -2.5735712e-01  -1.8177368e+00  -8.3266379e-01
   2.0000000e+00   3.6848918e-01  -1.8677374e-01  -9.1634800e-01  -1.8207661e+00   4.3442229e-01  -9.9651189e-01
   2.0000000e+00  -2.0461674e-01  -6.0561231e-01   1.1683134e+00   1.0840185e-02  -1.1094567e+00   1.6729182e+00
   2.0000000e+00  -4.0515951e-01   4.4691597e-01  -3.3640809e-01  -1.1810109e+00   2.7290744e-01   9.8012647e-01
   2.0000000e+00   2.9270862e-01  -6.2376766e-01  -1.4194592e+00   6.3228774e-01  -5.8940773e-01  -9.3534106e-01
   2.0000000e+00   1.0669585e-01   4.6458168e-01  -1.5733737e+00   8.3626228e-01   1.7642741e+00  -7.2937807e-01
   2.0000000e+00  -3.3694973e-01   7.7848346e-01   2.6336790e-01  -5.8949288e-01  -1.7303219e+00  -2.5731236e+00
   2.0000000e+00   2.7083614e-01  -1.3679212e+00  -5.5875206e-01   7.3257102e-01  -3.0740134e-01  -1.2051572e+00
   2.0000000e+00   6.7513692e-01  -6.8928632e-01  -1.4566247e+00   1.5877440e+00   7.0263438e-01  -1.3379143e+00
   2.0000000e+00  -6.3288145e-02   1.5996203e+00  -1.0870821e+00  -9.7570349e-01  -7.7776222e-02   1.0996837e+00
   1.0000000e+00   1.8729404e+00  -5.3469511e-01   2.8205099e-01   9.4118149e-01  -1.1906395e+00   4.5644297e-01
   2.0000000e+00  -4.4099439e-01  -7.6982476e-01  -2.8508867e+00   2.1712467e-01  -3.3927883e-01  -1.9750863e+00
   2.0000000e+00  -2.7408218e+00   5.3888448e-01   1.2125261e+00   5.5306445e-01   1.1349453e+00  -5.4249688e-01
   1.0000000e+00   1.9723372e-01   1.2884916e+00   3.5797631e-01   2.3279297e-01  -1.8466654e+00  -3.5241863e-01
   1.0000000e+00   1.4160713e+00   1.1402305e+00   5.9831596e-01   9.4720637e-01   5.4859095e-01   1.3207075e-03
   2.0000000e+00  -4.5158644e-01   2.4487339e-01  -1.1641008e+00  -1.3352746e+00   6.7890272e-01  -1.1736241e+00
   2.0000000e+00  -5.2204098e-01   4.1774639e-01   1.1112031e+00   1.4324284e+00  -1.3096460e+00   1.8614011e-01
   2.0000000e+00   2.9765869e-01   8.1303155e-01   9.4847733e-01   8.4727471e-01   1.3302765e+00  -8.2791025e-01
   2.0000000e+00  -2.0879695e+00   2.6495762e-01   1.6939089e-01   9.4347396e-01  -1.4277011e+00  -1.4294406e+00
   2.0000000e+00   2.0099064e+00  -7.8417257e-01  -7.3603649e-01  -1.1021060e+00  -5.5535263e-01  -1.2534563e+00
   1.0000000e+00   3.8518349e-01  -1.0874098e+00   4.0605839e-01  -4.7675755e-01   1.4741639e+00  -2.5983199e-01
   2.0000000e+00  -1.3291943e-01   7.1966506e-01  -6.4877053e-01   1.2889475e-01   7.0032571e-01  -1.0999321e+00
   2.0000000e+00   2.1218237e-02   1.2425070e+00  -9.4821241e-01  -1.5685780e+00   3.6768462e-01  -3.5178954e-01
   2.0000000e+00  -3.0488727e-01   1.7590127e+00  -1.3121716e-01   5.7465326e-01   2.4684616e-01   3.7532104e-01
   2.0000000e+00  -1.4532043e+00   6.8066777e-01  -7.8460274e-01   2.7995188e-01   2.7788913e-01   1.0227564e+00
   2.0000000e+00   5.0046102e-01  -4.5581855e-01  -5.8743514e-01  -4.4747363e-01  -1.2316243e+00  -6.1540548e-02
   2.0000000e+00  -9.2278063e-01   1.4841936e+00  -1.3443266e+00  -1.2863932e+00   2.2108573e+00   8.8866994e-02
   2.0000000e+00   5.6510447e-01   1.8011624e-01  -8.0215504e-01  -1.8728725e+00   8.6917695e-01  -8.4142571e-01
   1.0000000e+00   5.4033090e-01  -1.8328842e+00   1.8701571e-01  -1.0571825e+00   4.0003078e-01   8.3505026e-02
   2.0000000e+00  -7.4889106e-01   1.0125856e+00   9.9388983e-01  -3.2929568e-01  -4.3247137e-01  -8.8414219e-01
   2.0000000e+00   1.5692188e+00   1.4242938e+00   4.8052945e-01   6.2782138e-01   8.8668721e-01   1.5352985e+00
   2.0000000e+00  -5.5846573e-01  -8.2745713e-01  -3.9114982e-01  -7.0631459e-01  -1.4014138e+00  -9.9082743e-01
   2.0000000e+00  -8.7888985e-01  -3.2965779e-01  -4.6245408e-01  -1.9072667e+00   2.7183470e-01   1.4302892e-02
   2.0000000e+00  -5.9301303e-01   8.7702378e-01   1.4873588e+00   4.7997955e-01   7.3213397e-01   1.4967237e-01
   2.0000000e+00  -3.8484573e-01   5.3929847e-01  -1.4939115e+00  -2.1882362e+00  -1.1781010e+00   5.4405645e-01
   2.0000000e+00   6.1239629e-02  -2.5235970e-01  -6.4077941e-01   5.6027642e-01   1.2676851e-01  -1.6302517e-01
   2.0000000e+00   5.3840278e-01   5.9566517e-01  -1.2270073e+00  -1.8686404e-01  -3.1840971e-01   2.6130508e-01
   2.0000000e+00  -5.0300598e-01  -2.9004445e-01  -5.2755859e-01   9.1087146e-01  -1.0446491e-01   1.4963602e-01
   2.0000000e+00   9.0698087e-01   1.6257579e+00   2.2149426e+00   2.2504532e+00   7.8734918e-01   2.0307675e+00
   2.0000000e+00   2.6524219e-01   1.3090110e+00  -1.4733784e+00   1.1705640e-01  -4.3400570e-01   4.4276138e-01
   2.0000000e+00  -4.6052317e-01  -9.5560703e-02   1.0290477e+00  -7.3775682e-01  -1.3596918e+00   7.9338346e-02
   2.0000000e+00   9.7811558e-01  -1.5778292e+00   1.5970450e+00   1.5875311e+00   1.0667001e+00  -3.8461914e-01
   2.0000000e+00  -5.0568575e-01  -2.3309298e-01  -1.1398305e-01  -3.6620474e-01   8.8740967e-01   2.0929745e+00
   2.0000000e+00  -2.2635616e-01  -2.3783777e+00   3.4516531e-01   1.9527205e+00   4.9408594e-01   1.0536041e+00
   1.0000000e+00   1.7603833e-01  -3.8927781e-01   7.7216268e-01   1.0866553e+00  -5.8826196e-01   1.5167423e-01
   2.0000000e+00   4.6464050e-02  -1.5088053e-01  -1.1972096e+00  -7.5626101e-01  -9.9551987e-01   1.7981380e+00
   2.0000000e+00  -2.3619778e-01   3.9625065e-01  -4.1840369e-01  -1.2580675e+00  -4.3723042e-01   9.8811687e-01
   2.0000000e+00   1.0426365e+00  -2.8178772e-01  -3.0746080e-01  -3.7515059e-01   2.3071375e-01  -1.5689160e+00
   2.0000000e+00   4.0063142e-01   1.3341782e+00  -1.1737985e+00   1.0165857e+00  -5.6503803e-01   9.2602321e-02
   2.0000000e+00  -8.3000377e-01   2.7558382e+00  -4.0622504e-01  -1.5788679e+00   9.1849555e-01  -3.6359958e-01
   1.0000000e+00   1.3789439e+00   5.1241062e-01   8.9916006e-03   1.0940564e-01   1.7277351e-01   5.6064817e-01
   2.0000000e+00   1.6992227e+00  -2.1383080e-01   2.9852711e-01  -2.1406222e+00  -1.8904413e-01   2.6494593e+00
   2.0000000e+00   5.0035795e-01  -8.6800289e-02  -2.0913926e-01  -7.4490292e-02  -1.0353855e-01  -2.7741201e-01
   2.0000000e+00  -1.1783859e+00  -1.4933324e+00  -1.3671011e-01  -9.4629748e-01   9.5326998e-01  -9.2815222e-01
   2.0000000e+00  -1.7543647e+00   8.1356668e-01  -9.9329234e-01  -1.2646151e+00  -7.1062991e-01   1.5897841e+00
   2.0000000e+00  -6.6030281e-01   5.7261139e-01  -1.8886224e-01  -1.5457988e-01   8.7043822e-02  -9.1586744e-01
   2.0000000e+00   1.8593706e+00  -1.3026055e+00  -8.6882881e-01   1.8193106e+00  -2.7998390e-01  -3.4145130e-02
   2.0000000e+00  -1.8819035e+00  -4.2198885e-01  -7.7362330e-01   1.7023186e+00  -2.4889636e-01   7.7619443e-01
   2.0000000e+00   3.4078036e-01   2.7154678e+00   2.1271085e-01  -6.5460454e-01  -2.6658327e+00  -1.0983435e+00
   2.0000000e+00  -1.3914556e+00   2.8490793e-01  -7.9698868e-01   2.5198724e-01  -1.5473949e-01   1.2884607e+00
   2.0000000e+00   1.2049845e+00   1.9655995e-01  -3.9904230e-02  -1.0861366e+00   8.7968879e-01   5.8913645e-01
   2.0000000e+00   1.8699911e+00  -2.0890991e+00  -1.2606078e+00   1.9028716e+00   9.4280725e-01   2.2220596e-01
   2.0000000e+00   2.0950176e+00   3.1111307e-01   1.5781687e+00  -8.7271192e-01   1.4509515e+00   1.5227280e-01
   2.0000000e+00   5.6534941e-01   1.5232157e-01  -1.0286272e+00   2.1762383e+00  -1.4164460e+00  -9.1863299e-01
   2.0000000e+00  -9.3813260e-01   6.4450942e-02  -1.1457307e+00  -2.2532600e-01   1.6269036e+00  -1.5009274e+00
   2.0000000e+00   1.6122830e-01   6.6369218e-01  -3.4321333e-01   1.6498678e+00   3.3338989e-01   9.4584832e-01
   1.0000000e+00   8.3509237e-01  -9.7740871e-01   2.3937768e-01  -1.6315130e+00  -1.5361555e-01  -8.9775474e-01
   1.0000000e+00  -1.2164694e+00   6.5210113e-01   5.5437782e-01  -6.2396279e-01  -7.7101944e-01   7.7813198e-01
   2.0000000e+00   4.6128457e-01   6.9053602e-03  -7.8174328e-02   1.4394270e-02  -1.1197183e+00   1.0222515e+00
   1.0000000e+00   1.0215378e+00   1.0600882e-01   7.8019667e-02   1.6908560e+00   1.1727580e+00  -6.3384927e-01
   1.0000000e+00   1.4416493e+00   1.1722003e-01   7.1310035e-01   4.7348734e-02  -3.6119751e-01   3.1785205e-01
   2.0000000e+00  -1.6021661e+00   9.6957304e-01  -1.0479801e+00   3.5672547e-01   1.4616911e-01   1.0065274e+00
   2.0000000e+00   9.8359923e-01  -1.0077498e+00  -4.0267965e-01   5.9230176e-01  -5.4411360e-01   2.5598800e-01
   2.0000000e+00   8.5385493e-01   7.4954887e-01   7.6607026e-01   2.5675119e-02   9.3878625e-02  -9.3458877e-01
   2.0000000e+00   3.9400007e-01   1.9816548e+00  -1.2787780e+00  -1.1082171e+00   9.3213917e-01   2.2362522e-02
   2.0000000e+00   3.0874441e-01  -3.3711230e-01   1.5786515e-01  -4.8474458e-01   6.0408496e-01  -1.8953348e+00
   2.0000000e+00  -1.8509149e+00   8.5403495e-01  -9.3814595e-01   8.4002372e-01   3.8003102e-01  -3.6776016e-01
   2.0000000e+00   6.4882881e-01  -3.6453858e-01  -6.8887286e-01   2.2679272e-01   1.3490821e+00   5.7023279e-01
   2.0000000e+00  -2.7060147e-01  -2.9249079e-01   9.5220074e-01   2.6413742e-01   4.8650895e-01  -1.9461222e+00
   1.0000000e+00   8.6578098e-01   6.0365648e-01   1.5536975e-01   6.8197993e-01   1.5872720e+00  -2.2314071e-01
   2.0000000e+00   2.8481356e-01  -1.0603585e-01  -4.6710016e-01  -7.8573909e-02  -5.0618515e-01  -7.0804343e-01
   2.0000000e+00  -4.0585597e-01  -8.7227217e-01  -1.6818865e+00  -4.1531727e-01   1.0994280e+00   9.7653071e-01
   2.0000000e+00   1.3032493e-01  -1.0893287e+00   6.0145167e-01  -8.9186265e-01  -1.3932079e+00  -1.2126289e+00
   2.0000000e+00  -1.4764788e+00  -1.5535858e-01  -4.6423205e-01   1.0199303e+00   1.2617481e+00  -1.3921762e-01
   2.0000000e+00   7.3272560e-01  -2.7268293e-01  -2.3057723e-01   2.6057465e-01  -8.8280786e-01  -1.9878057e-01
   1.0000000e+00   4.3624554e-01   1.1696816e+00   6.6176331e-01  -4.0770144e-01   1.2675854e+00   3.4097526e-02
   2.0000000e+00   7.9600511e-02   1.6176415e+00   1.0997261e+00   4.2280466e-01  -3.8805172e-01  -1.7932616e-01
   2.0000000e+00   1.1300962e+00  -4.1769153e-01  -1.6620303e-01   3.2063771e-01  -9.5132648e-01   1.2329848e+00
   1.0000000e+00   1.6163142e+00   1.8730050e+00   1.9377970e-01   1.5694593e+00  -1.6171473e+00   7.7835339e-01
   2.0000000e+00   4.6232129e-01  -9.9610934e-01  -6.0037948e-01   5.2657067e-01   1.6948975e+00  -1.6960574e+00
   2.0000000e+00  -1.0927876e+00  -6.0365391e-01   1.5318964e+00  -1.4647393e-01  -7.2000417e-01   7.6965039e-01
   2.0000000e+00  -2.8339664e-02   1.5543624e+00  -1.2958994e+00  -7.1063038e-01   1.3254091e+00  -8.7670082e-01
   2.0000000e+00  -8.1350039e-01   5.3955823e-01   2.7623863e-01   7.3156397e-02  -1.6309336e-01   1.1966946e+00
   2.0000000e+00   2.0954859e-02   4.0001404e-01  -1.5652053e+00  -1.3865200e-01  -1.2084616e+00   1.6192134e+00
   2.0000000e+00   4.0320729e-01  -1.3971830e-01  -4.3489967e-01   8.1286905e-01  -7.0087658e-02   2.0689460e+00
   2.0000000e+00   1.3369716e+00  -8.9147767e-01  -3.4602961e-01  -9.2276789e-01   6.9781101e-01  -2.1953904e-01
   2.0000000e+00  -1.0281303e+00   7.5478880e-01  -1.8811228e-01   1.3069110e+00   1.2250075e-01  -1.2337519e+00
   2.0000000e+00   6.1324495e-01  -8.8097391e-01  -1.8844143e+00  -1.2413784e+00   5.9727169e-01  -1.1093993e-01
   1.0000000e+00  -5.3218816e-01   8.5624579e-01   5.7430604e-01   1.2146012e+00   4.0676709e-01   4.0908575e-01
   2.0000000e+00   5.1842963e-01   1.2459869e+00   1.5993546e+00  -7.2749890e-02   1.3260697e+00  -1.4523239e+00
   1.0000000e+00  -1.8942998e-01  -1.8722789e+00   2.7539278e-01   6.7631439e-01   9.2587956e-01   4.0187683e-01
   2.0000000e+00  -6.0800994e-01  -1.7210608e+00  -6.4395164e-01  -7.2015094e-01   6.8571360e-01  -8.4917483e-01
   2.0000000e+00   9.5877678e-01  -7.1741260e-01  -3.3564539e-01   4.2111868e-01   1.4247122e+00  -2.6865959e-01
   1.0000000e+00   8.0964364e-01  -2.8408009e-01   2.3700640e-01  -2.0067013e-02  -8.9102790e-01   7.2320035e-01
   2.0000000e+00  -6.6670424e-01   7.7593555e-01  -3.8708045e-01   2.8671228e-01   5.3306861e-01   2.0178405e+00
   2.0000000e+00  -2.0286773e+00  -1.2354118e+00  -4.5223949e-01   1.4461959e+00  -3.0094556e-01  -1.6602571e-01
   2.0000000e+00   1.4813651e+00   1.0337289e+00  -2.3511922e-01   1.4228247e+00   3.5185126e-01  -9.1897502e-01
   1.0000000e+00   1.8858272e-01   6.6311750e-01   5.9291805e-01   1.0283196e-01  -6.8160125e-01   4.7124896e-01
   2.0000000e+00   3.9585307e-02   1.2082548e-01  -1.6450042e+00  -1.5190902e+00  -1.3279444e-01  -1.8132905e+00
   2.0000000e+00  -8.6376493e-01   1.0469394e+00  -5.7078105e-01  -3.3229337e-01   5.1124807e-03  -2.1102754e-01
   2.0000000e+00  -5.3693651e-01   5.2499295e-03   9.0595739e-01  -1.0848813e+00   9.0746509e-01  -5.0937028e-01
   2.0000000e+00   1.6207571e+00   1.4584925e+00   7.3154168e-01   1.1808010e+00   1.0360384e-01   1.9853467e+00
   1.0000000e+00  -5.5530300e-01  -1.0236107e-01   6.4327045e-01   1.4236263e+00  -1.0527677e+00   5.9406346e-01
   2.0000000e+00   1.0222113e+00  -2.8713891e-01   4.9183139e-01   4.1999568e-01  -2.2188367e+00   3.8154107e-01
   2.0000000e+00   1.6808192e+00  -5.5523689e-01   7.8827100e-01  -1.3524057e-01   1.5010741e-02  -1.3573354e+00
   2.0000000e+00  -9.9617172e-01   3.9352107e-01  -7.0583307e-01   7.9650311e-01  -5.2167552e-01   7.7323621e-01
   2.0000000e+00  -1.9533598e+00   1.2702853e+00   3.1126745e-01   5.9445180e-03   3.1470831e-01  -1.0711971e+00
   1.0000000e+00   1.2906025e+00   5.6964498e-01   4.2670387e-01   4.7883559e-01  -5.8335446e-01  -8.0649590e-01
   2.0000000e+00   1.6152900e+00  -7.7204904e-01  -9.8615451e-01  -1.5022147e+00  -9.9726684e-01   7.4798119e-01
   2.0000000e+00   2.0099164e-01  -8.2202371e-01  -1.1758580e+00  -3.9160889e-01   1.1964294e-01   3.2136775e-01
   2.0000000e+00  -1.8255427e-01  -9.5655002e-01  -1.0799774e+00   7.0040964e-02  -1.0631165e+00  -4.1576233e-01
   2.0000000e+00  -4.3859622e-02  -8.3613489e-01  -4.3368750e-01  -4.3408242e-01  -9.3141714e-01   6.1145530e-02
   2.0000000e+00   2.3490110e-01  -1.2254644e-01   1.0668533e+00  -3.3947786e-01   2.0152066e+00  -5.6443376e-01
   1.0000000e+00   6.2156419e-01  -1.2743702e-01   1.3550411e-01  -5.4126933e-02  -4.9766726e-01   2.1309299e-01
   2.0000000e+00  -4.5091565e-01   9.9481863e-01  -4.5658984e-01  -1.5024501e+00   2.1740182e-01   3.1735845e-02
